# Created by Octave 4.0.3, Mon Aug 28 17:26:19 2017 CST <wsjswy@wsjswys-MacBook-Pro.local>
# name: X
# type: matrix
# rows: 200
# columns: 2
 1 0.067732
 1 0.42781
 1 0.995731
 1 0.738336
 1 0.981083
 1 0.5261710000000001
 1 0.378887
 1 0.033859
 1 0.132791
 1 0.138306
 1 0.247809
 1 0.64827
 1 0.731209
 1 0.236833
 1 0.969788
 1 0.607492
 1 0.358622
 1 0.147846
 1 0.6378200000000001
 1 0.230372
 1 0.07023699999999999
 1 0.06715400000000001
 1 0.925577
 1 0.717733
 1 0.015371
 1 0.33507
 1 0.040486
 1 0.212575
 1 0.617218
 1 0.541196
 1 0.045353
 1 0.126762
 1 0.556486
 1 0.9011439999999999
 1 0.958476
 1 0.274561
 1 0.394396
 1 0.87248
 1 0.409932
 1 0.908969
 1 0.166819
 1 0.6650160000000001
 1 0.263727
 1 0.231214
 1 0.552928
 1 0.047744
 1 0.365746
 1 0.495002
 1 0.493466
 1 0.7921010000000001
 1 0.76966
 1 0.251821
 1 0.181951
 1 0.808177
 1 0.334116
 1 0.33863
 1 0.452584
 1 0.69477
 1 0.590902
 1 0.307928
 1 0.148364
 1 0.70218
 1 0.721544
 1 0.666886
 1 0.124931
 1 0.618286
 1 0.381086
 1 0.385643
 1 0.7771749999999999
 1 0.116089
 1 0.115487
 1 0.66351
 1 0.254884
 1 0.993888
 1 0.295434
 1 0.952523
 1 0.307047
 1 0.277261
 1 0.279101
 1 0.175724
 1 0.156383
 1 0.733165
 1 0.848142
 1 0.771184
 1 0.429492
 1 0.162176
 1 0.917064
 1 0.315044
 1 0.201473
 1 0.297038
 1 0.336647
 1 0.666109
 1 0.583888
 1 0.085031
 1 0.687006
 1 0.949655
 1 0.189912
 1 0.844027
 1 0.333288
 1 0.427035
 1 0.466369
 1 0.550659
 1 0.278213
 1 0.9187689999999999
 1 0.886555
 1 0.569488
 1 0.06637899999999999
 1 0.335751
 1 0.426863
 1 0.395746
 1 0.694221
 1 0.27276
 1 0.503495
 1 0.067119
 1 0.038326
 1 0.599122
 1 0.947054
 1 0.671279
 1 0.434811
 1 0.509381
 1 0.7494420000000001
 1 0.058014
 1 0.482978
 1 0.466776
 1 0.357767
 1 0.949123
 1 0.41732
 1 0.920461
 1 0.156433
 1 0.656662
 1 0.616418
 1 0.853428
 1 0.133295
 1 0.693007
 1 0.178449
 1 0.199526
 1 0.073224
 1 0.286515
 1 0.182026
 1 0.621523
 1 0.344584
 1 0.398556
 1 0.480369
 1 0.15335
 1 0.171846
 1 0.867082
 1 0.223855
 1 0.528301
 1 0.890192
 1 0.106352
 1 0.917886
 1 0.014855
 1 0.567682
 1 0.068854
 1 0.603535
 1 0.53205
 1 0.651362
 1 0.9012250000000001
 1 0.204337
 1 0.6960809999999999
 1 0.963924
 1 0.98139
 1 0.987911
 1 0.990947
 1 0.736021
 1 0.253574
 1 0.674722
 1 0.939368
 1 0.235419
 1 0.110521
 1 0.218023
 1 0.8697780000000001
 1 0.19683
 1 0.958178
 1 0.972673
 1 0.745797
 1 0.445674
 1 0.470557
 1 0.5492359999999999
 1 0.335691
 1 0.8847390000000001
 1 0.918916
 1 0.441815
 1 0.116598
 1 0.359274
 1 0.814811
 1 0.387125
 1 0.982243
 1 0.78088
 1 0.652565
 1 0.87003
 1 0.604755
 1 0.255212
 1 0.730546
 1 0.493829
 1 0.257017
 1 0.833735
 1 0.070095
 1 0.52707
 1 0.116163


# name: Y
# type: matrix
# rows: 200
# columns: 1
 3.176513
 3.816464
 4.550095
 4.256571
 4.560815
 3.929515
 3.52617
 3.156393
 3.110301
 3.149813
 3.476346
 4.119688
 4.282233
 3.486582
 4.655492
 3.965162
 3.5149
 3.125947
 4.094115
 3.476039
 3.21061
 3.190612
 4.631504
 4.29589
 3.085028
 3.44808
 3.16744
 3.364266
 3.993482
 3.891471
 3.143259
 3.114204
 3.851484
 4.621899
 4.580768
 3.620992
 3.580501
 4.618706
 3.676867
 4.641845
 3.175939
 4.26498
 3.558448
 3.436632
 3.831052
 3.182853
 3.498906
 3.946833
 3.900583
 4.238522
 4.23308
 3.521557
 3.203344
 4.278105
 3.555705
 3.502661
 3.859776
 4.275956
 3.916191
 3.587961
 3.183004
 4.225236
 4.231083
 4.240544
 3.222372
 4.021445
 3.567479
 3.56258
 4.262059
 3.208813
 3.169825
 4.193949
 3.491678
 4.533306
 3.550108
 4.636427
 3.557078
 3.552874
 3.494159
 3.206828
 3.195266
 4.221292
 4.413372
 4.184347
 3.742878
 3.201878
 4.648964
 3.510117
 3.274434
 3.579622
 3.489244
 4.237386
 3.913749
 3.22899
 4.286286
 4.628614
 3.239536
 4.457997
 3.513384
 3.729674
 3.834274
 3.811155
 3.598316
 4.692514
 4.604859
 3.864912
 3.184236
 3.500796
 3.743365
 3.622905
 4.310796
 3.583357
 3.901852
 3.233521
 3.105266
 3.865544
 4.628625
 4.231213
 3.791149
 3.968271
 4.25391
 3.19471
 3.996503
 3.904358
 3.503976
 4.557545
 3.699876
 4.613614
 3.140401
 4.206717
 3.969524
 4.476096
 3.136528
 4.279071
 3.200603
 3.299012
 3.209873
 3.632942
 3.248361
 3.995783
 3.563262
 3.649712
 3.951845
 3.145031
 3.181577
 4.637087
 3.404964
 3.873188
 4.633648
 3.154768
 4.623637
 3.078132
 3.913596
 3.221817
 3.938071
 3.880822
 4.176436
 4.648161
 3.332312
 4.240614
 4.532224
 4.557105
 4.610072
 4.636569
 4.229813
 3.50086
 4.245514
 4.605182
 3.45434
 3.180775
 3.38082
 4.56502
 3.279973
 4.554241
 4.63352
 4.281037
 3.844426
 3.891601
 3.849728
 3.492215
 4.592374
 4.632025
 3.75675
 3.133555
 3.567919
 4.363382
 3.560165
 4.564305
 4.215055
 4.174999
 4.58664
 3.960008
 3.529963
 4.213412
 3.908685
 3.585821
 4.374394
 3.213817
 3.952681
 3.129283


